module Lin_Adv
using Plots
using ProgressBars

function initial_condition(n,N,x)
"""
input :
x : physical grid nodes for whole domian

output:
init_vec [size : (n*N ,1)]: return initial condition on each physical grid node
"""
   
    init_vec = zeros(n*N,1)
    for i = 1:n*N
        init_vec[i,1] = sin(x[i,1])
    end
    return init_vec
end


function MeshGen1D(xmin, xmax, N)
"""
purpose: give the boundary node for all the elements.

input : 
xmin,xmax are x location of the boundary node
N is the total number of elements

output:
VX: boundary nodes for the elements

"""

    VX = zeros(1, N+1)
    for i = 1:N+1
        VX[1, i] = (xmax - xmin)*(i-1) / N + xmin
    end
    return VX
end

function AffMapping1D(big_nodes, r, N)
    """   
    purpose : return all nodes in physical domain
    
    input:
    big_nodes : a vector contains the boundary nodes for all elements
    r :  computational node for each element
    N : number of elements
    
    output : 
    result size (num_nodes,1)
       
    """
    n = length(r)
    result = zeros(n, N)
    for i = 1:N
        h = abs(big_nodes[i+1] - big_nodes[i])
        result[:, i] = big_nodes[i] .+ h * (1 .+ r)/2 
    end
    result = reshape(result,(n*N,1))
    return result
    end


function d1_gl_sbp(p,dense)
    """
    Purpose: construct DG operators on the Gauss Lobatto nodes

    Inputs: 
    p     : degree of operator p in [1,14]
    dense : if true then construct the dense mass matrix (full integration)

    Outputs:  define n = p+1
    XI size(n,n) : nodal distribution between [1,n] 
    P size(n,n)  : norm (mass) matrix 
    Q size(n,n)  : transpose of the stiffness matrix 
    D size(n,n)  : differentiation matrix 
    tL size(n,1) : interpolaton to the left boundary
    tR size(n,1) : interpolation to the right boundary
    """
    tL = zeros(p+1,1)
    tL[1,1] = 1.0
    tR = zeros(p+1,1)
    tR[p+1,1] = 1.0
    XI = zeros(p+1,1)
    if p==1 
        XI[1:p+1,1] = [-0.1e1;0.1e1]
        if dense 
           P = [0.2e1 / 0.3e1 0.1e1 / 0.3e1; 0.1e1 / 0.3e1 0.2e1 / 0.3e1;] 
        else
            P  = [0.1e1 0;0 0.1e1]
        end
        Q  = [-0.500000000000000000000000000000e0 0.500000000000000000000000000000e0;-0.500000000000000000000000000000e0 0.500000000000000000000000000000e0]
        D  = [-0.500000000000000000000000000000e0 0.500000000000000000000000000000e0;-0.500000000000000000000000000000e0 0.500000000000000000000000000000e0]
        M = [0 0; 0.1e1 0.1e1;]
    elseif p == 2
        XI[1:p+1,1] = [-0.1e1;0;0.1e1]
        if dense 
            P = [0.4e1 / 0.15e2 0.2e1 / 0.15e2 -0.1e1 / 0.15e2; 0.2e1 / 0.15e2 0.16e2 / 0.15e2 0.2e1 / 0.15e2; -0.1e1 / 0.15e2 0.2e1 / 0.15e2 0.4e1 / 0.15e2;]           
        else
            P  = [0.333333333333333333333333333333e0 0 0;0 0.133333333333333333333333333333e1 0;0 0 0.333333333333333333333333333333e0]
        end
        Q  = [-0.500000000000000000000000000000e0 0.666666666666666666666666666667e0 -0.166666666666666666666666666667e0;-0.666666666666666666666666666667e0 0 0.666666666666666666666666666667e0;0.166666666666666666666666666667e0 -0.666666666666666666666666666667e0 0.500000000000000000000000000000e0] 
        D  = [-0.150000000000000000000000000000e1 0.2e1 -0.500000000000000000000000000000e0;-0.500000000000000000000000000000e0 0 0.500000000000000000000000000000e0;0.500000000000000000000000000000e0 -0.2e1 0.150000000000000000000000000000e1]
        M  = [0 0 0; 0.416666666666666666666666666667e0 0.666666666666666666666666666667e0 -0.833333333333333333333333333333e-1; 0.333333333333333333333333333333e0 0.133333333333333333333333333333e1 0.333333333333333333333333333333e0;]

    elseif p == 3
        XI[1:p+1,1] = [-0.1e1;-0.447213595499957939281834733746e0;0.447213595499957939281834733746e0;0.1e1]
        if dense 
            P = [0.1e1 / 0.7e1 sqrt(0.5e1) / 0.42e2 -sqrt(0.5e1) / 0.42e2 0.1e1 / 0.42e2; sqrt(0.5e1) / 0.42e2 0.5e1 / 0.7e1 0.5e1 / 0.42e2 -sqrt(0.5e1) / 0.42e2; -sqrt(0.5e1) / 0.42e2 0.5e1 / 0.42e2 0.5e1 / 0.7e1 sqrt(0.5e1) / 0.42e2; 0.1e1 / 0.42e2 -sqrt(0.5e1) / 0.42e2 sqrt(0.5e1) / 0.42e2 0.1e1 / 0.7e1;]
        else
            P  = [0.166666666666666666666666666667e0 0 0 0;0 0.833333333333333333333333333333e0 0 0;0 0 0.833333333333333333333333333333e0 0;0 0 0 0.166666666666666666666666666667e0]
        end
        Q  = [-0.500000000000000000000000000000e0 0.674180828645789520085244514319e0 -0.257514161979122853418577847652e0 0.833333333333333333333333333333e-1;-0.674180828645789520085244514319e0 0 0.931694990624912373503822361971e0 -0.257514161979122853418577847652e0;0.257514161979122853418577847652e0 -0.931694990624912373503822361971e0 0 0.674180828645789520085244514319e0;-0.833333333333333333333333333333e-1 0.257514161979122853418577847652e0 -0.674180828645789520085244514319e0 0.500000000000000000000000000000e0] 
        D  = [-0.299999999999999999999999999999e1 0.404508497187473712051146708590e1 -0.154508497187473712051146708591e1 0.499999999999999999999999999998e0;-0.809016994374947424102293417183e0 0 0.111803398874989484820458683437e1 -0.309016994374947424102293417183e0;0.309016994374947424102293417183e0 -0.111803398874989484820458683437e1 0 0.809016994374947424102293417183e0;-0.499999999999999999999999999998e0 0.154508497187473712051146708591e1 -0.404508497187473712051146708590e1 0.299999999999999999999999999999e1]
        M  = [0 0 0 0; 0.220601132958329828273486227812e0 0.379398867041670171726513772189e0 -0.678147284582877675553209615587e-1 0.206011329583298282734862278122e-1; 0.146065533708336838393180438855e0 0.901148061791621100888654294891e0 0.453934466291663161606819561144e0 -0.539344662916631616068195611451e-1; 0.166666666666666666666666666667e0 0.833333333333333333333333333333e0 0.833333333333333333333333333333e0 0.166666666666666666666666666667e0;]



    elseif p == 4
        XI[1:p+1,1] = [-0.1e1;-0.654653670707977143798292456242e0;0;0.654653670707977143798292456242e0;0.1e1]
        if dense 
            P = [0.4e1 / 0.45e2 0.7e1 / 0.270e3 -0.4e1 / 0.135e3 0.7e1 / 0.270e3 -0.1e1 / 0.90e2; 0.7e1 / 0.270e3 0.196e3 / 0.405e3 0.28e2 / 0.405e3 -0.49e2 / 0.810e3 0.7e1 / 0.270e3; -0.4e1 / 0.135e3 0.28e2 / 0.405e3 0.256e3 / 0.405e3 0.28e2 / 0.405e3 -0.4e1 / 0.135e3; 0.7e1 / 0.270e3 -0.49e2 / 0.810e3 0.28e2 / 0.405e3 0.196e3 / 0.405e3 0.7e1 / 0.270e3; -0.1e1 / 0.90e2 0.7e1 / 0.270e3 -0.4e1 / 0.135e3 0.7e1 / 0.270e3 0.4e1 / 0.45e2;]
        else
            P  = [0.100000000000000000000000000002e0 0 0 0 0;0 0.544444444444444444444444444446e0 0 0 0;0 0 0.711111111111111111111111111102e0 0 0;0 0 0 0.544444444444444444444444444446e0 0;0 0 0 0 0.100000000000000000000000000002e0]
        end
        Q  = [-0.500000000000000000000000000000e0 0.675650248872424000384302752967e0 -0.266666666666666666666666666667e0 0.141016417794242666282363913699e0 -0.500000000000000000000000000000e-1;-0.675650248872424000384302752967e0 0 0.950460144138989038403446825366e0 -0.415826313060807704301507986098e0 0.141016417794242666282363913699e0;0.266666666666666666666666666667e0 -0.950460144138989038403446825366e0 0 0.950460144138989038403446825366e0 -0.266666666666666666666666666667e0;-0.141016417794242666282363913699e0 0.415826313060807704301507986098e0 -0.950460144138989038403446825366e0 0 0.675650248872424000384302752967e0;0.500000000000000000000000000000e-1 -0.141016417794242666282363913699e0 0.266666666666666666666666666667e0 -0.675650248872424000384302752967e0 0.500000000000000000000000000000e0] 
        D  = [-0.499999999999999999999999999988e1 0.675650248872424000384302752951e1 -0.266666666666666666666666666660e1 0.141016417794242666282363913696e1 -0.499999999999999999999999999988e0;-0.124099025303098285784871934218e1 0 0.174574312188793905012877988332e1 -0.763762615825973334431341198952e0 0.259009746969017142151280657814e0;0.375000000000000000000000000005e0 -0.133658457769545333525484709819e1 0 0.133658457769545333525484709819e1 -0.375000000000000000000000000005e0;-0.259009746969017142151280657814e0 0.763762615825973334431341198952e0 -0.174574312188793905012877988332e1 0 0.124099025303098285784871934218e1;0.499999999999999999999999999988e0 -0.141016417794242666282363913696e1 0.266666666666666666666666666660e1 -0.675650248872424000384302752951e1 0.499999999999999999999999999988e1]
        M  = [0 0 0 0 0; 0.135456864372313795938534838349e0 0.239489538686823365032307599415e0 -0.434714437331162273310227034923e-1 0.212716484508309837662101139951e-1 -0.740027848482906120432230450916e-2; 0.812500000000000000000000000036e-1 0.606368366646085556035933996765e0 0.355555555555555555555555555551e0 -0.619239222016411115914895523183e-1 0.187499999999999999999999999989e-1; 0.107400278484829061204322304512e0 0.523172795993613460678234330451e0 0.754582554844227338442133814595e0 0.304954905757621079412136845032e0 -0.354568643723137959385348383470e-1; 0.100000000000000000000000000002e0 0.544444444444444444444444444446e0 0.711111111111111111111111111102e0 0.544444444444444444444444444446e0 0.100000000000000000000000000002e0;]


    elseif p == 5
        XI[1:p+1,1] = [-0.1e1;-0.765055323929464692851002973954e0;-0.285231516480645096314150994043e0;0.285231516480645096314150994043e0;0.765055323929464692851002973954e0;0.1e1]
        if dense
            P = [0.606060606060606060606060606063e-1 0.144404344366981164816114898253e-1 -0.174844815417956254033008161273e-1 0.174844815417956254033008161282e-1 -0.144404344366981164816114898215e-1 0.606060606060606060606060606040e-2; 0.144404344366981164816114898253e-1 0.344068142088951800287829825647e0 0.416597790450530909689822472095e-1 -0.416597790450530909689822472152e-1 0.344068142088951800287829825626e-1 -0.144404344366981164816114898215e-1; -0.174844815417956254033008161273e-1 0.416597790450530909689822472095e-1 0.504416706395896684560655022836e0 0.504416706395896684560655022892e-1 -0.416597790450530909689822472152e-1 0.174844815417956254033008161282e-1; 0.174844815417956254033008161282e-1 -0.416597790450530909689822472152e-1 0.504416706395896684560655022892e-1 0.504416706395896684560655022836e0 0.416597790450530909689822472095e-1 -0.174844815417956254033008161273e-1; -0.144404344366981164816114898215e-1 0.344068142088951800287829825626e-1 -0.416597790450530909689822472152e-1 0.416597790450530909689822472095e-1 0.344068142088951800287829825647e0 0.144404344366981164816114898253e-1; 0.606060606060606060606060606040e-2 -0.144404344366981164816114898215e-1 0.174844815417956254033008161282e-1 -0.174844815417956254033008161273e-1 0.144404344366981164816114898253e-1 0.606060606060606060606060606063e-1;]
        else
            P  = [0.666666666666666666666666666714e-1 0 0 0 0 0;0 0.378474956297846980316612808208e0 0 0 0 0;0 0 0.554858377035486353016720525121e0 0 0 0;0 0 0 0.554858377035486353016720525121e0 0 0;0 0 0 0 0.378474956297846980316612808208e0 0;0 0 0 0 0 0.666666666666666666666666666714e-1]
        end
        Q  = [-0.500000000000000000000000000000e0 0.676094395754644618682301951368e0 -0.269079151353689867018301909865e0 0.149645643211744454951419809379e0 -0.899942209460325399487531842159e-1 0.333333333333333333333333333333e-1;-0.676094395754644618682301951368e0 0 0.955053839308429983403103027495e0 -0.436316586920813267723558656418e0 0.247351364313060442951510764506e0 -0.899942209460325399487531842159e-1;0.269079151353689867018301909865e0 -0.955053839308429983403103027495e0 0 0.972645631663808929156939964669e0 -0.436316586920813267723558656418e0 0.149645643211744454951419809379e0;-0.149645643211744454951419809379e0 0.436316586920813267723558656418e0 -0.972645631663808929156939964669e0 0 0.955053839308429983403103027495e0 -0.269079151353689867018301909865e0;0.899942209460325399487531842159e-1 -0.247351364313060442951510764506e0 0.436316586920813267723558656418e0 -0.955053839308429983403103027495e0 0 0.676094395754644618682301951368e0;-0.333333333333333333333333333333e-1 0.899942209460325399487531842159e-1 -0.149645643211744454951419809379e0 0.269079151353689867018301909865e0 -0.676094395754644618682301951368e0 0.500000000000000000000000000000e0]
        D  = [-0.749999999999999999999999999946e1 0.101414159363196692802345292698e2 -0.403618727030534800527452864768e1 0.224468464817616682427129714053e1 -0.134991331419048809923129776314e1 0.499999999999999999999999999964e0;-0.178636494833909489397248387153e1 0 0.252342677742945543190883765041e1 -0.115282815853592934133182307564e1 0.653547507429800167200747917063e0 -0.237781177984231363805278620297e0;0.484951047853569169305957195334e0 -0.172125695283023338321606469405e1 0 0.175296196636786597887757095193e1 -0.786356672223240737439548730673e0 0.269700610832038972472085277454e0;-0.269700610832038972472085277454e0 0.786356672223240737439548730673e0 -0.175296196636786597887757095193e1 0 0.172125695283023338321606469405e1 -0.484951047853569169305957195334e0;0.237781177984231363805278620297e0 -0.653547507429800167200747917063e0 0.115282815853592934133182307564e1 -0.252342677742945543190883765041e1 0 0.178636494833909489397248387153e1;-0.499999999999999999999999999964e0 0.134991331419048809923129776314e1 -0.224468464817616682427129714053e1 0.403618727030534800527452864768e1 -0.101414159363196692802345292698e2 0.749999999999999999999999999946e1]
        M  = [0 0 0 0 0 0; 0.913596102675100771513068934633e-1 0.163735634017941333729939638313e0 -0.297492115781796735311879230132e-1 0.152553522365019196040859171585e-1 -0.894356088114741854110192903243e-2 0.328685200790906873595442915699e-2; 0.518167707757596449987068034054e-1 0.427681617265651439304080545617e0 0.267921471301721673297888562752e0 -0.480081494663097478745525120628e-1 0.236153927553193886938144866867e-1 -0.825861911278749473408888044108e-2; 0.749252857794541614007555471125e-1 0.354859563542527591622798321521e0 0.602866526501796100891273037184e0 0.286936905733764679718831962369e0 -0.492066609678044589874677374094e-1 0.148498958909070216679598632661e-1; 0.633798146587575979307122375145e-1 0.387418517178994398857714737240e0 0.539603024798984433412634607962e0 0.584607588613666026547908448134e0 0.214739322279905646586673169895e0 -0.246929436008434104846402267918e-1; 0.666666666666666666666666666714e-1 0.378474956297846980316612808208e0 0.554858377035486353016720525121e0 0.554858377035486353016720525121e0 0.378474956297846980316612808208e0 0.666666666666666666666666666714e-1;]



    elseif p == 6
        XI[1:p+1,1] = [-0.1e1;-0.830223896278566929872032213967e0;-0.468848793470714213803771881909e0;0;0.468848793470714213803771881909e0;0.830223896278566929872032213967e0;0.1e1]
        if dense
            P = [0.439560439560439560439560439561e-1 0.883182542983586747115562556766e-2 -0.110296276276380652733534277650e-1 0.117216117216117216117216117216e-1 -0.110296276276380652733534277650e-1 0.883182542983586747115562556714e-2 -0.366300366300366300366300366298e-2; 0.883182542983586747115562556766e-2 0.255531736026060875086800375037e0 0.265934065934065934065934065927e-1 -0.282618413754747759076980018148e-1 0.265934065934065934065934065933e-1 -0.212943113355050729239000312529e-1 0.883182542983586747115562556714e-2; -0.110296276276380652733534277650e-1 0.265934065934065934065934065927e-1 0.398534198039873190847265559029e0 0.352948084084418088747309688483e-1 -0.332111831699894325706054632527e-1 0.265934065934065934065934065933e-1 -0.110296276276380652733534277650e-1; 0.117216117216117216117216117216e-1 -0.282618413754747759076980018148e-1 0.352948084084418088747309688483e-1 0.450109890109890109890109890110e0 0.352948084084418088747309688483e-1 -0.282618413754747759076980018148e-1 0.117216117216117216117216117216e-1; -0.110296276276380652733534277650e-1 0.265934065934065934065934065933e-1 -0.332111831699894325706054632527e-1 0.352948084084418088747309688483e-1 0.398534198039873190847265559029e0 0.265934065934065934065934065927e-1 -0.110296276276380652733534277650e-1; 0.883182542983586747115562556714e-2 -0.212943113355050729239000312529e-1 0.265934065934065934065934065933e-1 -0.282618413754747759076980018148e-1 0.265934065934065934065934065927e-1 0.255531736026060875086800375037e0 0.883182542983586747115562556766e-2; -0.366300366300366300366300366298e-2 0.883182542983586747115562556714e-2 -0.110296276276380652733534277650e-1 0.117216117216117216117216117216e-1 -0.110296276276380652733534277650e-1 0.883182542983586747115562556766e-2 0.439560439560439560439560439561e-1;]
        else
            P  = [0.476190476190476190476190476195e-1 0 0 0 0 0 0;0 0.276826047361565948010700406290e0 0 0 0 0 0;0 0 0.431745381209862623417871022280e0 0 0 0 0;0 0 0 0.487619047619047619047619047620e0 0 0 0;0 0 0 0 0.431745381209862623417871022280e0 0 0;0 0 0 0 0 0.276826047361565948010700406290e0 0;0 0 0 0 0 0 0.476190476190476190476190476195e-1]
        end
        Q  = [-0.500000000000000000000000000000e0 0.676265552519991246051509415525e0 -0.269951677406928946598829000805e0 0.152380952380952380952380952381e0 -0.976173720512734655696374848783e-1 0.627320683667825946883856415871e-1 -0.238095238095238095238095238095e-1;-0.676265552519991246051509415525e0 0 0.956663264923665652412327243300e0 -0.442535970752034581367602923618e0 0.266123896254803103585571860113e0 -0.166717706273225523267172405858e0 0.627320683667825946883856415871e-1;0.269951677406928946598829000805e0 -0.956663264923665652412327243300e0 0 0.978636429696611030343704138121e0 -0.460431366383403962546140270861e0 0.266123896254803103585571860113e0 -0.976173720512734655696374848783e-1;-0.152380952380952380952380952381e0 0.442535970752034581367602923618e0 -0.978636429696611030343704138121e0 0 0.978636429696611030343704138121e0 -0.442535970752034581367602923618e0 0.152380952380952380952380952381e0;0.976173720512734655696374848783e-1 -0.266123896254803103585571860113e0 0.460431366383403962546140270861e0 -0.978636429696611030343704138121e0 0 0.956663264923665652412327243300e0 -0.269951677406928946598829000805e0;-0.627320683667825946883856415871e-1 0.166717706273225523267172405858e0 -0.266123896254803103585571860113e0 0.442535970752034581367602923618e0 -0.956663264923665652412327243300e0 0 0.676265552519991246051509415525e0;0.238095238095238095238095238095e-1 -0.627320683667825946883856415871e-1 0.976173720512734655696374848783e-1 -0.152380952380952380952380952381e0 0.269951677406928946598829000805e0 -0.676265552519991246051509415525e0 0.500000000000000000000000000000e0] 
        D  = [-0.104999999999999999999999999999e2 0.142015766029198161670816977259e2 -0.566898522554550787857540901685e1 0.319999999999999999999999999997e1 -0.204996481307674277696238718243e1 0.131737343570243448845609847332e1 -0.499999999999999999999999999995e0;-0.244292601424428961264353508344e1 0 0.345582821429428513260129789155e1 -0.159860668809836683716785819589e1 0.961339797288711666711276884384e0 -0.602247179635785684666403413070e0 0.226611870395445335165221916464e0;0.625256665515342114254764930440e0 -0.221580428316997131363803034549e1 0 0.226669808708599901220846300610e1 -0.106644190400637468973550663446e1 0.616390835517579528646119294693e0 -0.226099400942574651735810251281e0;-0.312499999999999999999999999999e0 0.907544471268820918820279433200e0 -0.200696924058875308957204950200e1 0 0.200696924058875308957204950200e1 -0.907544471268820918820279433200e0 0.312499999999999999999999999999e0;0.226099400942574651735810251281e0 -0.616390835517579528646119294693e0 0.106644190400637468973550663446e1 -0.226669808708599901220846300610e1 0 0.221580428316997131363803034549e1 -0.625256665515342114254764930440e0;-0.226611870395445335165221916464e0 0.602247179635785684666403413070e0 -0.961339797288711666711276884384e0 0.159860668809836683716785819589e1 -0.345582821429428513260129789155e1 0 0.244292601424428961264353508344e1;0.499999999999999999999999999995e0 -0.131737343570243448845609847332e1 0.204996481307674277696238718243e1 -0.319999999999999999999999999997e1 0.566898522554550787857540901685e1 -0.142015766029198161670816977259e2 0.104999999999999999999999999999e2]
        M  = [0 0 0 0 0 0 0; 0.656925286565852957630947547609e-1 0.118645788055102809008397055194e0 -0.215371889023785342111467778328e-1 0.111951835611395544613462529033e-1 -0.697785994161492553296009209173e-2 0.443419317782907939946261611565e-2 -0.167654088523020876022602301613e-2; 0.360044464036303314079469203211e-1 0.315402261283378084095578124949e0 0.204709624093723830427893323475e0 -0.369565185469180879662810244946e-1 0.191551602014828119085793530347e-1 -0.113637291324487551459463599360e-1 0.419996222643757146845778074190e-2; 0.550595238095238095238095238100e-1 0.255576511119674939173336948709e0 0.474971305443290887020672473257e0 0.243809523809523809523809523810e0 -0.432259242334282636028014509762e-1 0.212495362418910088373634575811e-1 -0.744047619047619047619047619049e-2; 0.434190853926100475791612668776e-1 0.288189776494014703156646766226e0 0.412590221008379811509291669246e0 0.524575566165965707013900072115e0 0.227035757116138792989977698805e0 -0.385762139218121360848777186586e-1 0.116146012154172876396721272984e-1; 0.492955885042778278078450706356e-1 0.272391854183736868611237790174e0 0.438723241151477548950831114372e0 0.476423864057908064586272794717e0 0.453282570112241157629017800113e0 0.158180259306463139002303351096e0 -0.180734810375376767154757071414e-1; 0.476190476190476190476190476195e-1 0.276826047361565948010700406290e0 0.431745381209862623417871022280e0 0.487619047619047619047619047620e0 0.431745381209862623417871022280e0 0.276826047361565948010700406290e0 0.476190476190476190476190476195e-1;]

    elseif p == 7
        XI[1:p+1,1] = [-0.1e1;-0.871740148509606615337445761218e0;-0.591700181433142302144510731394e0;-0.209299217902478868768657260344e0;0.209299217902478868768657260344e0;0.591700181433142302144510731394e0;0.871740148509606615337445761218e0;0.1e1]
        if dense 
            P = [0.333333333333333333333333333335e-1 0.578317520222274895203373339892e-2 -0.735842776171416744205841992743e-2 0.809133177825665562709826340246e-2 -0.809133177825665562709826340212e-2 0.735842776171416744205841992614e-2 -0.578317520222274895203373339686e-2 0.238095238095238095238095238082e-2; 0.578317520222274895203373339892e-2 0.196657278667272303424125928058e0 0.178731323227349844989208306427e-1 -0.196533075030477315010659872777e-1 0.196533075030477315010659872773e-1 -0.178731323227349844989208306406e-1 0.140469484762337359588661377174e-1 -0.578317520222274895203373339686e-2; -0.735842776171416744205841992743e-2 0.178731323227349844989208306427e-1 0.318381179651270740446624631967e0 0.250065817622728114007197206523e-1 -0.250065817622728114007197206523e-1 0.227415128322336243176160451389e-1 -0.178731323227349844989208306406e-1 0.735842776171416744205841992614e-2; 0.809133177825665562709826340246e-2 -0.196533075030477315010659872777e-1 0.250065817622728114007197206523e-1 0.384961541681456956129249439974e0 0.274972529772469254378035314255e-1 -0.250065817622728114007197206523e-1 0.196533075030477315010659872773e-1 -0.809133177825665562709826340212e-2; -0.809133177825665562709826340212e-2 0.196533075030477315010659872773e-1 -0.250065817622728114007197206523e-1 0.274972529772469254378035314255e-1 0.384961541681456956129249439974e0 0.250065817622728114007197206523e-1 -0.196533075030477315010659872777e-1 0.809133177825665562709826340246e-2; 0.735842776171416744205841992614e-2 -0.178731323227349844989208306406e-1 0.227415128322336243176160451389e-1 -0.250065817622728114007197206523e-1 0.250065817622728114007197206523e-1 0.318381179651270740446624631967e0 0.178731323227349844989208306427e-1 -0.735842776171416744205841992743e-2; -0.578317520222274895203373339686e-2 0.140469484762337359588661377174e-1 -0.178731323227349844989208306406e-1 0.196533075030477315010659872773e-1 -0.196533075030477315010659872777e-1 0.178731323227349844989208306427e-1 0.196657278667272303424125928058e0 0.578317520222274895203373339892e-2; 0.238095238095238095238095238082e-2 -0.578317520222274895203373339686e-2 0.735842776171416744205841992614e-2 -0.809133177825665562709826340212e-2 0.809133177825665562709826340246e-2 -0.735842776171416744205841992743e-2 0.578317520222274895203373339892e-2 0.333333333333333333333333333335e-1;]
        else
            P  = [0.357142857142857142857142857154e-1 0 0 0 0 0 0 0;0 0.210704227143506039382992065779e0 0 0 0 0 0 0;0 0 0.341122692483504364764240677106e0 0 0 0 0 0;0 0 0 0.412458794658703881567052971399e0 0 0 0 0;0 0 0 0 0.412458794658703881567052971399e0 0 0 0;0 0 0 0 0 0.341122692483504364764240677106e0 0 0;0 0 0 0 0 0 0.210704227143506039382992065779e0 0;0 0 0 0 0 0 0 0.357142857142857142857142857154e-1]
        end
        Q  = [-0.500000000000000000000000000000e0 0.676342807397048946898380089076e0 -0.270331779262445964599934954408e0 0.153496720152327686223178809279e0 -0.100363892473498179947777274521e0 0.693449794837186536546197301899e-1 -0.463459781542939993713235424739e-1 0.178571428571428571428571428571e-1;-0.676342807397048946898380089076e0 0 0.957352579490274900688028758011e0 -0.445020225841920494893108853767e0 0.272700164032084094710954986711e0 -0.183196389600328261489027366329e0 0.120852657471232707252856106923e0 -0.463459781542939993713235424739e-1;0.270331779262445964599934954408e0 -0.957352579490274900688028758011e0 0 0.980904239808523074511905528658e0 -0.468288399148879598801541494864e0 0.288256369684795068212137405949e0 -0.183196389600328261489027366329e0 0.693449794837186536546197301899e-1;-0.153496720152327686223178809279e0 0.445020225841920494893108853767e0 -0.980904239808523074511905528658e0 0 0.985332861709223949880339266845e0 -0.468288399148879598801541494864e0 0.272700164032084094710954986711e0 -0.100363892473498179947777274521e0;0.100363892473498179947777274521e0 -0.272700164032084094710954986711e0 0.468288399148879598801541494864e0 -0.985332861709223949880339266845e0 0 0.980904239808523074511905528658e0 -0.445020225841920494893108853767e0 0.153496720152327686223178809279e0;-0.693449794837186536546197301899e-1 0.183196389600328261489027366329e0 -0.288256369684795068212137405949e0 0.468288399148879598801541494864e0 -0.980904239808523074511905528658e0 0 0.957352579490274900688028758011e0 -0.270331779262445964599934954408e0;0.463459781542939993713235424739e-1 -0.120852657471232707252856106923e0 0.183196389600328261489027366329e0 -0.272700164032084094710954986711e0 0.445020225841920494893108853767e0 -0.957352579490274900688028758011e0 0 0.676342807397048946898380089076e0;-0.178571428571428571428571428571e-1 0.463459781542939993713235424739e-1 -0.693449794837186536546197301899e-1 0.100363892473498179947777274521e0 -0.153496720152327686223178809279e0 0.270331779262445964599934954408e0 -0.676342807397048946898380089076e0 0.500000000000000000000000000000e0]
        D  = [-0.139999999999999999999999999996e2 0.189375986071173705131546424935e2 -0.756928981934848700879817872318e1 0.429790816426517521424900665969e1 -0.281018898925794903853776368650e1 0.194165942554412230232935244526e1 -0.129768738832023198239705918923e1 0.499999999999999999999999999984e0;-0.320991570300299033681535157155e1 0 0.454358506456656421739638306076e1 -0.211206121431454222839296010398e1 0.129423205091350150769320563723e1 -0.869448098331492934161214445515e0 0.573565414940264137309957126947e0 -0.219957514771304363030019703906e0;0.792476681320514526801359736134e0 -0.280647579473643343647092231563e1 0 0.287551740597250521747363620895e1 -0.137278583180602848091037564049e1 0.845022556506510489829865610201e0 -0.537039586157661060937619343056e0 0.203284568900592744214055743890e0;-0.372150435728594865847091862665e0 0.107894468879045270250846359969e1 -0.237818723351550582456978825144e1 0 0.238892435915823921487954151020e1 -0.113535801688111144046472127434e1 0.661157350900311223201437910159e0 -0.243330712723791009707841631595e0;0.243330712723791009707841631595e0 -0.661157350900311223201437910159e0 0.113535801688111144046472127434e1 -0.238892435915823921487954151020e1 0 0.237818723351550582456978825144e1 -0.107894468879045270250846359969e1 0.372150435728594865847091862665e0;-0.203284568900592744214055743890e0 0.537039586157661060937619343056e0 -0.845022556506510489829865610201e0 0.137278583180602848091037564049e1 -0.287551740597250521747363620895e1 0 0.280647579473643343647092231563e1 -0.792476681320514526801359736134e0;0.219957514771304363030019703906e0 -0.573565414940264137309957126947e0 0.869448098331492934161214445515e0 -0.129423205091350150769320563723e1 0.211206121431454222839296010398e1 -0.454358506456656421739638306076e1 0 0.320991570300299033681535157155e1;-0.499999999999999999999999999984e0 0.129768738832023198239705918923e1 -0.194165942554412230232935244526e1 0.281018898925794903853776368650e1 -0.429790816426517521424900665969e1 0.756928981934848700879817872318e1 -0.189375986071173705131546424935e2 0.139999999999999999999999999996e2]
        M  = [0 0 0 0 0 0 0 0; 0.494750288777510797057285622014e-1 0.897853252055100444176130728688e-1 -0.162815354847795091331203527074e-1 0.850816509709187699082132270393e-2 -0.540841015003164081199955807403e-2 0.369077338896397753811253830615e-2 -0.245244197221297931142619344559e-2 0.942946528100535266824846928969e-3; 0.265174396442605098989736132596e-1 0.241299465648194806674922702914e0 0.159995271573303212700968361208e0 -0.289616619252509493510579540336e-1 0.152638984136680092050034209033e-1 -0.966533784626943375866943376925e-2 0.620990003184175196063847075351e-2 -0.235915697289020947528991262989e-2; 0.420687134504281743534992488302e-1 0.192560356624162805152633791954e0 0.378083299688653807247311611479e0 0.202491911295379103841229034622e0 -0.362746404229084403970370801375e-1 0.188340196048611695121636478316e-1 -0.112177232850749295416357771640e-1 0.415484514201944106317826224007e-2; 0.315594405722662732225360234753e-1 0.221921950428580968924627842943e0 0.322288672878643195252077029275e0 0.448733435081612321964090051537e0 0.209966883363324777725823936777e0 -0.369606072051494424830709343727e-1 0.181438705193432342303582738243e-1 -0.635442773614246006778496311480e-2; 0.380734426871759237610041983453e-1 0.204494327111664287422353595025e0 0.350788030329773798522910110876e0 0.397194896245035872362049550496e0 0.441420456583954830918110925433e0 0.181127420910201152063272315898e0 -0.305952385046887672919306371352e-1 0.919684607002520438674067245581e-2; 0.347713391861851790188894387864e-1 0.213156669115719018694418259224e0 0.337431919094540387226128138800e0 0.417867204808735522379052529473e0 0.403950629561612004576231648695e0 0.357404227968283873897361029814e0 0.120918901937995994965378992910e0 -0.137607431634653654200142764860e-1; 0.357142857142857142857142857154e-1 0.210704227143506039382992065779e0 0.341122692483504364764240677106e0 0.412458794658703881567052971399e0 0.412458794658703881567052971399e0 0.341122692483504364764240677106e0 0.210704227143506039382992065779e0 0.357142857142857142857142857154e-1;]


    
    elseif p == 8
        XI[1:p+1,1] = [-0.1e1;-0.899757995411460157312345244417e0;-0.677186279510737753445885427091e0;-0.363117463826178158710752068707e0;0;0.363117463826178158710752068707e0;0.677186279510737753445885427091e0;0.899757995411460157312345244417e0;0.1e1]
        if dense 
            P = [0.261437908496732026143790849674e-1 0.398834520787681043092089963921e-2 -0.513690606977026707664627248476e-2 0.577040960138925496505310393886e-2 -0.597572362278244631185807656394e-2 0.577040960138925496505310393857e-2 -0.513690606977026707664627248461e-2 0.398834520787681043092089963830e-2 -0.163398692810457516339869281041e-2; 0.398834520787681043092089963921e-2 0.155760340292522847102437383557e0 0.125385058804891056078631593736e-1 -0.140848039144865485971370818794e-1 0.145859481888066210045107186774e-1 -0.140848039144865485971370818789e-1 0.125385058804891056078631593742e-1 -0.973502126828267794390233647202e-2 0.398834520787681043092089963830e-2; -0.513690606977026707664627248476e-2 0.125385058804891056078631593736e-1 0.258389376470740456734781758663e0 0.181409358891394998120030141426e-1 -0.187863993408741195945920822298e-1 0.181409358891394998120030141413e-1 -0.161493360294212785459238599164e-1 0.125385058804891056078631593742e-1 -0.513690606977026707664627248461e-2; 0.577040960138925496505310393886e-2 -0.140848039144865485971370818794e-1 0.181409358891394998120030141426e-1 0.326050363268749501284829677308e0 0.211032122565092753007656372607e-1 -0.203781477042968438303018548308e-1 0.181409358891394998120030141413e-1 -0.140848039144865485971370818789e-1 0.577040960138925496505310393857e-2; -0.597572362278244631185807656394e-2 0.145859481888066210045107186774e-1 -0.187863993408741195945920822298e-1 0.211032122565092753007656372607e-1 0.349665199413098572762438308656e0 0.211032122565092753007656372607e-1 -0.187863993408741195945920822298e-1 0.145859481888066210045107186774e-1 -0.597572362278244631185807656394e-2; 0.577040960138925496505310393857e-2 -0.140848039144865485971370818789e-1 0.181409358891394998120030141413e-1 -0.203781477042968438303018548308e-1 0.211032122565092753007656372607e-1 0.326050363268749501284829677308e0 0.181409358891394998120030141426e-1 -0.140848039144865485971370818794e-1 0.577040960138925496505310393886e-2; -0.513690606977026707664627248461e-2 0.125385058804891056078631593742e-1 -0.161493360294212785459238599164e-1 0.181409358891394998120030141413e-1 -0.187863993408741195945920822298e-1 0.181409358891394998120030141426e-1 0.258389376470740456734781758663e0 0.125385058804891056078631593736e-1 -0.513690606977026707664627248476e-2; 0.398834520787681043092089963830e-2 -0.973502126828267794390233647202e-2 0.125385058804891056078631593742e-1 -0.140848039144865485971370818789e-1 0.145859481888066210045107186774e-1 -0.140848039144865485971370818794e-1 0.125385058804891056078631593736e-1 0.155760340292522847102437383557e0 0.398834520787681043092089963921e-2; -0.163398692810457516339869281041e-2 0.398834520787681043092089963830e-2 -0.513690606977026707664627248461e-2 0.577040960138925496505310393857e-2 -0.597572362278244631185807656394e-2 0.577040960138925496505310393886e-2 -0.513690606977026707664627248476e-2 0.398834520787681043092089963921e-2 0.261437908496732026143790849674e-1;]
        else
            P  = [0.277777777777777777777777777786e-1 0 0 0 0 0 0 0 0;0 0.165495361560805525046339720029e0 0 0 0 0 0 0 0;0 0 0.274538712500161735280705618579e0 0 0 0 0 0 0;0 0 0 0.346428510973046345115131532141e0 0 0 0 0 0;0 0 0 0 0.371519274376417233560090702945e0 0 0 0 0;0 0 0 0 0 0.346428510973046345115131532141e0 0 0 0;0 0 0 0 0 0 0.274538712500161735280705618579e0 0 0;0 0 0 0 0 0 0 0.165495361560805525046339720029e0 0;0 0 0 0 0 0 0 0 0.277777777777777777777777777786e-1]
        end
        Q  = [-0.500000000000000000000000000000e0 0.676381810322029606290960142720e0 -0.270519490478098535139701426563e0 0.154026775193038291654465768914e0 -0.101587301587301587301587301587e0 0.719651576822043053384976551329e-1 -0.520678020401939789909960678704e-1 0.356897397972107870372501181428e-1 -0.138888888888888888888888888889e-1;-0.676381810322029606290960142720e0 0 0.957689520906564375913600786500e0 -0.446186324836367050707174060493e0 0.275586458219045566385572010098e0 -0.189600379669120651753373460499e0 0.135169392703385956036739666926e0 -0.919665967986893766216549179540e-1 0.356897397972107870372501181428e-1;0.270519490478098535139701426563e0 -0.957689520906564375913600786500e0 0 0.981937380325954493994691323349e0 -0.471611428727707980480613830917e0 0.296447948102300989185425788775e0 -0.202705459935273638971347520324e0 0.135169392703385956036739666926e0 -0.520678020401939789909960678704e-1;-0.154026775193038291654465768914e0 0.446186324836367050707174060493e0 -0.981937380325954493994691323349e0 0 0.987985002374854249345536818516e0 -0.477019897807613157174103770155e0 0.296447948102300989185425788775e0 -0.189600379669120651753373460499e0 0.719651576822043053384976551329e-1;0.101587301587301587301587301587e0 -0.275586458219045566385572010098e0 0.471611428727707980480613830917e0 -0.987985002374854249345536818516e0 0 0.987985002374854249345536818516e0 -0.471611428727707980480613830917e0 0.275586458219045566385572010098e0 -0.101587301587301587301587301587e0;-0.719651576822043053384976551329e-1 0.189600379669120651753373460499e0 -0.296447948102300989185425788775e0 0.477019897807613157174103770155e0 -0.987985002374854249345536818516e0 0 0.981937380325954493994691323349e0 -0.446186324836367050707174060493e0 0.154026775193038291654465768914e0;0.520678020401939789909960678704e-1 -0.135169392703385956036739666926e0 0.202705459935273638971347520324e0 -0.296447948102300989185425788775e0 0.471611428727707980480613830917e0 -0.981937380325954493994691323349e0 0 0.957689520906564375913600786500e0 -0.270519490478098535139701426563e0;-0.356897397972107870372501181428e-1 0.919665967986893766216549179540e-1 -0.135169392703385956036739666926e0 0.189600379669120651753373460499e0 -0.275586458219045566385572010098e0 0.446186324836367050707174060493e0 -0.957689520906564375913600786500e0 0 0.676381810322029606290960142720e0;0.138888888888888888888888888889e-1 -0.356897397972107870372501181428e-1 0.520678020401939789909960678704e-1 -0.719651576822043053384976551329e-1 0.101587301587301587301587301587e0 -0.154026775193038291654465768914e0 0.270519490478098535139701426563e0 -0.676381810322029606290960142720e0 0.500000000000000000000000000000e0] 
        D  = [-0.179999999999999999999999999995e2 0.243497451715930658264745651372e2 -0.973870165721154726502925135598e1 0.554496390694937849956076768073e1 -0.365714285714285714285714285703e1 0.259074567655935499218591558471e1 -0.187444087344698324367585844328e1 0.128483063269958833334100425310e1 -0.499999999999999999999999999985e0;-0.408701370203367658897930984814e1 0 0.578680581663731167409037234050e1 -0.269606544031405602899382047687e1 0.166522164500538518079547523473e1 -0.114565373845513231901250100841e1 0.816756381741385878117230628950e0 -0.555704981283716785402665993238e0 0.215654018702498989385219122479e0;0.985360090074506951907327505128e0 -0.348835875343445484115983156014e1 0 0.357668094012561532100448555574e1 -0.171783215719506277794780854135e1 0.107980381128263048444543497939e1 -0.738349277190386116652828488240e0 0.492350938315507418719775389183e0 -0.189655591978356440316554839705e0;-0.444613449281090634955156033004e0 0.128796075006390654800826405148e1 -0.283445891207942039532716103712e1 0 0.285191596846289538830749160287e1 -0.137696489376051208934447138420e1 0.855726185092675404693694041474e0 -0.547300160534051400286858582699e0 0.207734512035597178904197341202e0;0.273437500000000000000000000002e0 -0.741782397916254240576399270350e0 0.126941308635814953242157409324e1 -0.265931021757391799292835532818e1 0 0.265931021757391799292835532818e1 -0.126941308635814953242157409324e1 0.741782397916254240576399270350e0 -0.273437500000000000000000000002e0;-0.207734512035597178904197341202e0 0.547300160534051400286858582699e0 -0.855726185092675404693694041474e0 0.137696489376051208934447138420e1 -0.285191596846289538830749160287e1 0 0.283445891207942039532716103712e1 -0.128796075006390654800826405148e1 0.444613449281090634955156033004e0;0.189655591978356440316554839705e0 -0.492350938315507418719775389183e0 0.738349277190386116652828488240e0 -0.107980381128263048444543497939e1 0.171783215719506277794780854135e1 -0.357668094012561532100448555574e1 0 0.348835875343445484115983156014e1 -0.985360090074506951907327505128e0;-0.215654018702498989385219122479e0 0.555704981283716785402665993238e0 -0.816756381741385878117230628950e0 0.114565373845513231901250100841e1 -0.166522164500538518079547523473e1 0.269606544031405602899382047687e1 -0.578680581663731167409037234050e1 0 0.408701370203367658897930984814e1;0.499999999999999999999999999985e0 -0.128483063269958833334100425310e1 0.187444087344698324367585844328e1 -0.259074567655935499218591558471e1 0.365714285714285714285714285703e1 -0.554496390694937849956076768073e1 0.973870165721154726502925135598e1 -0.243497451715930658264745651372e2 0.179999999999999999999999999995e2]
